
-----------------NEW TEST----------------------------
Total Time: 8.42792010307
Segmentation Time: 8.4278280735
Average VCO Time: 0.0
Average segment time: 1.59080173633e+274
---------------------------------------
Segments Times: 
[  3.16202013e-322   3.16202013e-322  -2.42685045e-319  -2.42685045e-319
  -6.50931482e-091  -7.35734601e+228  -4.32492612e-091  -1.07345772e+272
   2.48897051e+174   3.48711580e+228  -1.65746176e-076   7.75444629e+228
   1.54429285e-028  -8.04530286e+217   1.71013000e+214  -9.79940723e+241
   9.13180883e+213   2.28689962e+243   3.68421458e+180   2.48897051e+174
   3.48711580e+228  -4.24821786e+175   7.75444629e+228   1.54429286e-028
   1.78490985e+161   1.71013000e+214   2.11757180e+214  -8.88899227e+247
   7.24967461e+228  -5.32197949e+222  -8.25692149e-072   2.33306571e+185
   1.08180826e+142   2.57159119e+257   9.04115220e+271   6.48703176e+174
  -5.71913466e+228  -2.73637024e-057  -6.50931473e-091   3.59535141e+246
   1.15263518e+185   7.35533024e+223   4.13552414e+209  -5.32197957e+222
   7.22931204e+159   2.64937432e+180   3.33464028e-028   3.33265888e-028
   1.53463360e+223   1.18059493e+257   8.89492721e+252  -4.17539473e-062
   4.95140843e+228  -7.35734601e+228   4.36320139e+251  -1.07345772e+272
   7.33728006e+223  -1.17334932e+214   1.75008814e+190  -5.51147079e+169
   5.28563039e+180  -8.04533652e+217  -6.33104956e+180  -9.79940723e+241
   4.81782207e+199   1.32641551e+272   1.44015561e+246   5.14821134e+151
  -8.04531134e+217  -6.33104956e+180  -9.79940723e+241   6.20761456e+276
   3.80978727e+180  -4.70698443e-090   9.09216546e+130  -8.04531555e+217
   2.35510890e+251  -9.79940723e+241  -6.96614508e-090   6.01737306e+175
   2.77214693e-027   2.36635527e-027  -8.04531976e+217   1.17171641e+224
  -1.88959082e+219  -2.06999331e+161   7.51446524e+199   2.35510890e+251
  -6.26150885e+199  -8.55181131e-072   5.65660939e+175  -4.39251215e+228
  -4.23953470e+175  -5.71913466e+228  -2.73637024e-057   3.59535141e+246
  -1.87419262e+208   7.35533024e+223   4.13552414e+209   1.30982158e+214
   7.22931204e+159  -9.81117401e+241  -6.96614508e-090   3.33265888e-028
   1.24263294e+228  -6.37982996e-067   7.24967461e+228   4.27370938e+197
  -4.87883740e+199  -1.67662587e+243   1.08180826e+142   2.57159119e+257
   9.04115220e+271   6.48703176e+174   2.78615241e+184  -1.07345772e+272
   8.88787179e+247  -1.17339088e+214   1.60645999e+203   1.35446984e+243
  -1.42404283e-070   4.93804986e+180   3.75972200e+199   7.51117689e+251
   5.37857203e+228   2.16321900e-027   6.39422166e+016   8.88787179e+247
   2.52175196e+180   1.60645999e+203   1.35446984e+243   7.86131624e-085
   4.93804986e+180  -4.58013463e-316   4.94065646e-324   5.37857203e+228
   2.16321900e-027   6.92098215e+228   6.78283871e+199   1.11460097e+171
   1.27826910e-152   4.81782207e+199   1.32641551e+272   1.44015561e+246
   5.14821134e+151   3.30161476e-028   1.17232426e+214   3.68421432e+180
   1.84025481e+223   9.13180857e+213   2.28689962e+243   3.68421458e+180
   2.48897051e+174   3.48711580e+228   9.54932740e-259   7.75444629e+228
   1.54429286e-028   1.78490985e+161   1.71013000e+214   2.85168681e-109
   3.59535141e+246   1.15263518e+185   7.35533024e+223   4.13552414e+209
   1.30982158e+214   6.94891036e-310   3.01648420e-316   3.33464028e-028
   0.00000000e+000   9.88131292e-324   0.00000000e+000   9.88131292e-324
   2.48897051e+174   3.48712163e+228   9.54932740e-259   7.75444629e+228
   1.54429286e-028   7.17156410e+252   5.37857167e+228   5.28556325e+180
   2.44046782e-152   9.09216546e+130   7.51446524e+199   4.34440911e+270
   1.21862908e+171   2.43395929e-152   6.01737306e+175   2.77214693e-027
   8.26415854e+020   1.33790417e+199   5.16177767e-109   3.59535141e+246
   1.15263518e+185   7.35533024e+223   2.12919584e+219   1.30982158e+214
   7.22931204e+159   2.64937432e+180   3.33464028e-028   1.21246167e+199
   4.88595154e+252   9.48956784e-154   7.24967461e+228   5.34761984e+199
   1.81457589e-152   2.50435771e+185   1.08180826e+142   2.57159119e+257
   9.04115220e+271   1.07896565e+064   1.77613596e+161   2.58639743e+185
   8.88787179e+247   2.52175196e+180   1.60645999e+203   1.35446984e+243
   7.86131624e-085   4.93804986e+180   3.75972200e+199   7.51117689e+251
   2.16320380e+185   3.83563595e+151   8.42728878e-110   3.59535141e+246
   1.15263518e+185   7.35533024e+223   2.12919584e+219   1.30982158e+214
   7.22931204e+159   2.64937432e+180   3.33464028e-028   1.21246167e+199
   0.00000000e+000  -1.13006005e-316  -3.86905673e-316  -2.75859455e-313
   7.51446524e+199   4.34440911e+270   1.21862908e+171   2.43395929e-152
   6.01737306e+175   2.77214693e-027   8.26415854e+020   5.16191873e+160
   5.44242460e-109   3.59535141e+246   1.15263518e+185   7.35533024e+223
   2.12919584e+219   1.30982158e+214   7.22931204e+159   2.64937432e+180
   3.33464028e-028   1.21246167e+199   6.93900297e+252   5.29672212e+180
   8.89492721e+252   1.27617969e-152   4.95140843e+228   2.19712984e-152
   4.36320139e+251   4.91429315e+252   7.33728006e+223   4.15621623e+209
   1.42052501e+031   1.75842606e+103   8.96221356e+130   4.72218514e+257
   1.71016380e+214   1.13032615e-134   1.03321501e+166   5.60622760e+141
   9.79652199e+252   9.90652652e-114   1.38477023e+228   1.17229143e+214
   1.29177428e+031   9.13180885e+213   2.28689962e+243   3.68421458e+180
   2.48897051e+174   3.48712163e+228   9.54932740e-259   7.75444629e+228
   1.54429286e-028   7.17156410e+252   5.37857167e+228   5.04854554e+180
   8.96234045e+130   4.72218514e+257   1.71016380e+214   1.13032615e-134
   1.03321501e+166   5.60622760e+141   9.79652199e+252   9.90652652e-114
  -6.94894677e-310  -1.65017926e-321   2.50480079e+262   8.89470285e+252
   2.44046782e-152   9.09216546e+130   7.51446524e+199   4.34440911e+270
   1.21862908e+171   2.43395929e-152   6.01737306e+175   2.77214693e-027
   8.26415854e+020   2.45018485e+242   8.84406171e+247   8.89492721e+252
   1.27617969e-152   4.95140843e+228   2.19712984e-152   4.36320139e+251
   4.91429315e+252   7.33728006e+223   4.15621623e+209   1.42052501e+031
   8.23238169e+006   1.35984760e+031   9.13180887e+213   2.28689962e+243
   3.68421458e+180   2.48897051e+174   3.48712163e+228   9.54932740e-259
   1.66736425e-315   6.57453155e-320   6.94896563e-310   6.94896495e-310
  -6.94894677e-310  -1.83298355e-321   4.94065646e-324   5.34761984e+199
   1.81457589e-152   2.50435771e+185   1.08180826e+142   2.57159119e+257
   9.04115220e+271   1.07896565e+064   1.77613596e+161   9.75361747e+199
   6.93538113e+252   2.44046782e-152   9.09216546e+130   7.51446524e+199
   4.34440911e+270   1.21862908e+171  -6.50931482e-091  -7.35734601e+228
   2.77214693e-027  -1.07345772e+272   8.05783782e+208  -1.17339088e+214
   1.11460097e+171  -5.51147079e+169   4.81782207e+199   1.32641551e+272
   1.44015561e+246  -9.79940723e+241   3.30161476e-028   9.77612932e+199
   1.75008814e+190   8.28496046e+016   8.88787179e+247   2.52170947e+180
   1.60645999e+203   1.35446984e+243  -6.54423896e-043   4.93804986e+180
   3.75972200e+199   7.51028799e+251   2.16320380e+185  -5.32197949e+222
   2.14265684e+218   8.89492721e+252  -2.00163023e-076   4.95140843e+228
  -1.17215180e+171   4.36320139e+251   4.91429315e+252   7.33728006e+223
   4.15621623e+209   8.74375747e+227   2.51405115e+180   8.96233998e+130
   4.72218514e+257  -5.32197957e+222  -8.25692149e-072   1.03321501e+166
   5.60622760e+141   9.79652199e+252  -5.30488275e+199   1.68802494e+199
   5.89820319e+276   3.09027522e+223   6.78283871e+199  -7.35734601e+228
  -4.32852164e-091  -1.07345772e+272   1.32641551e+272   1.44015561e+246
   5.14821134e+151  -5.51147079e+169   8.89470257e+252  -8.04533652e+217
  -6.33104956e+180   3.59525342e+246   1.15263518e+185   7.35533024e+223
   2.12919584e+219   1.30982158e+214  -8.04531134e+217  -3.68167524e+180
  -9.79940723e+241   3.74459275e+055   4.64756781e+151   9.13180877e+213
   2.28689962e+243  -8.04531555e+217  -6.33104707e+180  -9.79940723e+241
  -6.96614508e-090   7.75444629e+228   1.54429286e-028   8.84399680e+247
  -8.04531976e+217   7.45400489e+247   8.88787179e+247   2.52175196e+180
   1.60645999e+203   1.35446984e+243  -6.26150885e+199   4.93804986e+180
   3.75972200e+199  -4.39251215e+228  -4.23953470e+175  -5.71913466e+228
   1.11460097e+171  -6.50931473e-091  -1.87419262e+208   1.32641551e+272
   1.44015561e+246  -1.69200524e+190   3.30161476e-028   5.83528540e+257
   2.05950081e-027   1.98707740e+079   9.18979421e+227   8.96220490e+130
   4.72218514e+257   1.71016380e+214  -4.87883740e+199   5.83528494e+257
   3.28096788e-085   4.93804986e+180  -2.85942965e+203   7.51117689e+251
   5.32846670e+233  -1.07345772e+272  -5.01306182e-090   9.24852832e+242
   8.96221329e+130   4.72218514e+257   1.71016380e+214   1.13032615e-134
   5.83528494e+257   3.28097408e-085   4.93804986e+180   3.75972200e+199
   7.51117689e+251   1.23371661e+171   9.48956781e-154   7.24967461e+228
   5.34761984e+199   1.81457589e-152   9.07991285e+223   1.14428031e+243
   1.44138988e-308   0.00000000e+000  -5.07899484e-321  -3.31563384e-316
   0.00000000e+000   0.00000000e+000   0.00000000e+000   0.00000000e+000
   0.00000000e+000   0.00000000e+000   0.00000000e+000   0.00000000e+000
   0.00000000e+000   0.00000000e+000   0.00000000e+000   6.94891036e-310
   4.56572941e-316   4.94065646e-324   0.00000000e+000   0.00000000e+000
   0.00000000e+000   0.00000000e+000   0.00000000e+000   0.00000000e+000
   0.00000000e+000   0.00000000e+000   0.00000000e+000   0.00000000e+000
  -3.01863991e-316   0.00000000e+000   0.00000000e+000   0.00000000e+000
   0.00000000e+000   6.03204747e-320   6.94896563e-310   6.94896563e-310
   0.00000000e+000   0.00000000e+000   0.00000000e+000   0.00000000e+000
   0.00000000e+000   0.00000000e+000   0.00000000e+000   0.00000000e+000
   0.00000000e+000   0.00000000e+000   0.00000000e+000   0.00000000e+000
   0.00000000e+000   0.00000000e+000   0.00000000e+000   0.00000000e+000
   0.00000000e+000   0.00000000e+000   0.00000000e+000   0.00000000e+000
   0.00000000e+000   0.00000000e+000  -4.49105672e-321  -6.36598737e-314
  -2.12199579e-314   0.00000000e+000   0.00000000e+000  -4.81219939e-321
   0.00000000e+000   0.00000000e+000   0.00000000e+000   0.00000000e+000
  -8.89318163e-323   0.00000000e+000  -6.42285340e-323   0.00000000e+000
   0.00000000e+000   0.00000000e+000   0.00000000e+000  -5.06417287e-321
  -4.58008261e-316  -6.94896563e-310   0.00000000e+000   0.00000000e+000
  -3.86905312e-316  -1.06099791e-313   0.00000000e+000  -1.11708010e-316
  -3.86905376e-316  -1.06099791e-313   0.00000000e+000  -1.12032127e-316
  -3.86905436e-316  -6.36598754e-314   0.00000000e+000  -1.12355592e-316
  -3.86905500e-316  -6.95314361e-310   0.00000000e+000  -1.12679235e-316
  -3.86905589e-316  -6.95314361e-310   0.00000000e+000  -1.13006015e-316
  -3.86905673e-316  -2.75859455e-313   0.00000000e+000  -1.13329820e-316
  -3.86905712e-316  -2.33419539e-313   0.00000000e+000  -1.13650686e-316
  -3.86905737e-316  -2.33419539e-313   0.00000000e+000  -1.13974383e-316
  -3.86905791e-316  -6.36598755e-314   0.00000000e+000  -1.14301272e-316
  -3.86905836e-316  -6.36598755e-314   0.00000000e+000  -1.14625063e-316
  -3.86905895e-316  -6.36598755e-314   0.00000000e+000  -1.14948854e-316
  -3.86905950e-316  -6.36598755e-314   0.00000000e+000  -1.15272645e-316
  -3.86906004e-316  -6.36598755e-314   0.00000000e+000  -1.15596435e-316
  -3.86906088e-316  -2.54639497e-313   0.00000000e+000  -1.15917143e-316
  -3.86906152e-316  -6.36598755e-314   0.00000000e+000  -1.16244017e-316
  -3.86906201e-316  -6.36598756e-314   0.00000000e+000  -1.16564804e-316
  -3.86906266e-316  -1.85274617e-321   0.00000000e+000  -1.16888501e-316
   0.00000000e+000  -2.13930425e-321  -4.58008261e-316  -6.94896563e-310
   0.00000000e+000  -6.47612701e-317  -6.94894675e-310  -8.48798333e-314
   0.00000000e+000  -6.50850610e-317  -6.94894677e-310  -1.70946713e-321
   0.00000000e+000  -6.54057541e-317  -6.94894677e-310  -1.66500123e-321
   0.00000000e+000  -6.57296388e-317  -6.94894677e-310  -1.71934845e-321
   0.00000000e+000  -6.60533506e-317  -6.94894677e-310  -1.80828026e-321
   0.00000000e+000  -6.63771266e-317  -6.94894677e-310  -1.81322092e-321
   0.00000000e+000  -6.67009175e-317   1.66736464e-315   5.27316264e-320
   6.94896563e-310   6.94896496e-310  -6.94894677e-310  -1.82310223e-321
   0.00000000e+000  -6.73484992e-317  -6.94894677e-310  -1.83792420e-321
   0.00000000e+000  -6.76722901e-317  -6.94894677e-310  -1.84286486e-321
   0.00000000e+000  -6.79960809e-317  -6.94894677e-310  -1.84780552e-321
   0.00000000e+000  -6.83198718e-317  -6.94894677e-310  -1.83298355e-321
   0.00000000e+000  -6.86436775e-317  -2.70352721e-320  -3.16202013e-322
  -4.58013162e-316  -3.31563384e-316   0.00000000e+000  -4.24399158e-314
  -6.94894673e-310  -4.57999881e-316   0.00000000e+000  -4.90607186e-321
  -6.94896563e-310  -6.94896563e-310  -2.06999331e+161  -4.17539473e-062
  -6.50931482e-091  -7.35734601e+228  -4.32492612e-091  -1.07345772e+272
  -5.01306182e-090  -1.17339088e+214  -1.65746176e-076  -5.51147079e+169
  -7.39405310e-037  -8.04530286e+217  -6.33104956e+180  -9.79940723e+241
  -6.96614508e-090  -4.97044766e-091  -4.70698443e-090  -7.18090538e-038
  -6.97910408e+199  -4.24821786e+175  -8.92341314e-090  -4.51381351e-091
  -6.54423896e-043  -6.58888488e-043  -2.52873303e-052  -8.88899227e+247
  -5.00638399e-090  -5.32197949e+222  -8.25692149e-072  -2.41974125e-052
  -2.00163023e-076  -4.08674845e-033  -1.17215180e+171  -8.46290265e+164
  -5.71913466e+228  -2.73637024e-057  -6.50931473e-091  -4.97522396e-091
  -7.73424273e-091  -4.77429649e-090  -3.78349110e+180  -5.32197959e+222
  -8.25692149e-072  -2.41974125e-052  -2.00163023e-076  -1.36155448e-094
  -5.30488275e+199  -5.62629014e+175  -2.06999331e+161  -4.17539473e-062
  -6.50931482e-091  -7.35734601e+228  -4.32852164e-091  -1.07345772e+272
  -5.01306182e-090  -1.17339088e+214  -1.65746176e-076  -5.51147079e+169
  -7.39405310e-037  -8.04533652e+217  -6.33104956e+180  -9.79940723e+241
  -6.96614508e-090  -4.97044766e-091  -4.70698443e-090  -7.18090538e-038
  -8.04531134e+217]-----------------END OF TEST-----------------------------
